[247 175 138  40 128 121 189 184 130 152 238  18  11  48  15 197  25 245
  13  77  93 119   4  30  82 114 191 178  62 170  36 149  26 142 135  78
 103  74 158 174 194  54  75  63 141 168 185  31 217 212  10  97 165 120
 207 102   2 129 195  22 116 148 105  70 169 235 201  66  56 162 133 118
 100  29 236 222 218 188 106 248  68 205 147 216 225  33 115 151  89 123
 221 231 208 204  28 139  86  19  73 243 124   8  44 110 126  39 150  94
 134 227 113 249 193 203 213 155  58 242  37   6 153  32  92  61  51   5
  88 171 160 125 112 232  76 234 206 240  80 199 202  24  85   0 233 146
 109  67  41 223 173 210 177  38  34  87  23 241 108  98  81 111  43 244
  96  47  12   1  55  46 161 122 144  72  64 132 137 237 187 229  84 239
 190 143 181 136 154  60 219  52 196 107 214  14 180 127 246 145  27 157
  21 176  83  90   9 117  20  59  35  65 172  99  45  53 226  71  49 166
   3 156  17 215  91 230 164 192 131 183  50 228 140 224 211 186 220 104
  57 209   7  42 198 179  79  16 159 167  95 182 200 101  69 163]