[105,96,47,12,111,81,98,108,241,23,87,34,38,177,210,173,223,41
,161,46,55,1,122,144,72,64,132,137,239,84,190,107,196,52,219,60
,154,136,143,181,214,14,180,127,246,145,27,20,117,9,90,83,157,176
,21,57,209,104,220,99,45,53,226,71,49,166,3,156,17,215,91,230
,164,192,131,183,50,228,140,7,224,211,186,172,65,35,59,229,187,237
,42,198,179,79,16,159,67,109,233,146,167,163,69,101,200,182,95,0
,85,24,202,199,80,240,206,234,76,232,112,125,160,171,88,5,51,61
,92,32,37,6,153,242,58,155,203,193,213,249,227,134,94,39,150,113
,126,110,44,243,8,124,118,28,204,208,231,221,139,86,19,73,100,29
,236,222,218,188,106,248,68,205,147,216,225,33,115,151,89,123,133,162
,244,43,56,201,66,169,70,235,247,175,138,40,128,121,130,184,189,152
,238,18,11,48,15,197,25,245,13,77,93,119,4,30,82,114,178,191
,174,158,74,103,78,135,142,26,149,36,170,62,194,54,75,63,141,168
,185,31,217,212,10,97,165,120,207,102,2,129,195,22,116,148]