[144  42 198   7 224 140 228  79 179  16 159 167  95 182 200 101  69 163
 230 192 131 183  50 164  91 215  17 156   3 166  49  71 226  53  45  99
 104  57 209 220 172  65 186 211  35  59 246 145  27 157  21 176  83  90
   9 117  20 127 180  14 214 181 143 136 154  60 219  52 196 107 190 239
  84 229 187 237 137 132  64  72 102 207 120 165  97  10 212 217  31 185
 168 141  63  75  54 194  62 178 191 114  82  30   4 119  93  77  13 245
  25 197  15  48  11  18 238 152 189 184 130 121 128  40 138 175 247 174
 170  36 149  26 158  74 103  78 135 142 235 201  66 169  56 133 123 231
 221  89 151 115  33 225 216 147 205  68 248 106 188 218 222 236  29 100
 139  28 204 208 118  19  86  73 243 124   8  44 110 126  39  94 150 113
 227 134 249 213 193 203 155  58 242 153   6  37  32  92  61  51   5  88
 171 160 125 112  80 232  76 234 206 240 199 202  24  85   0 233 146 109
  67  41 223 173 210 177  38  34  87  23 241 108  98  81 111  47  96 244
  43 162  70 105 148 116  22 195 129   2   1  12  55  46 161 122]